(323, 598) -- (933, 97)
(933, 97) -- (864, 562)
(864, 562) -- (63, 747)
(63, 747) -- (514, 101)
(514, 101) -- (53, 731)
(53, 731) -- (4, 41)
(899, 858) -- (505, 826)
(402, 353) -- (484, 956)
(4, 41) -- (243, 698)
(505, 942) -- (153, 970)
(233, 284) -- (176, 794)
(484, 956) -- (212, 356)
(243, 698) -- (138, 847)
(153, 970) -- (650, 522)
(176, 383) -- (149, 431)
(322, 492) -- (806, 218)
(212, 356) -- (596, 973)
(138, 847) -- (684, 303)
(128, 454) -- (819, 988)
(650, 981) -- (67, 603)
(149, 431) -- (753, 49)
(806, 218) -- (15, 553)
(669, 489) -- (389, 307)
(596, 973) -- (322, 599)
(990, 349) -- (109, 985)
(684, 303) -- (894, 204)
(358, 267) -- (540, 913)
(819, 988) -- (411, 407)
(67, 603) -- (590, 166)
(753, 49) -- (664, 994)
(15, 553) -- (384, 184)
(389, 307) -- (113, 201)
(864, 97) -- (634, 876)
(322, 599) -- (586, 611)
(109, 985) -- (797, 330)
(894, 431) -- (409, 692)
(540, 913) -- (414, 374)
(411, 407) -- (763, 178)
(590, 166) -- (980, 975)
(664, 994) -- (436, 3)
(384, 184) -- (300, 322)
(113, 201) -- (937, 973)
(634, 407) -- (552, 183)
(649, 20) -- (773, 549)
(586, 611) -- (869, 838)
(797, 330) -- (69, 235)
(409, 692) -- (43, 275)
(414, 374) -- (110, 899)
(763, 870) -- (976, 743)
(980, 975) -- (373, 511)
(436, 3) -- (565, 194)
(300, 322) -- (47, 349)
(845, 313) -- (382, 243)
(937, 973) -- (904, 761)
(552, 183) -- (312, 552)
(773, 549) -- (450, 724)
(869, 838) -- (570, 970)
(835, 525) -- (203, 363)
(69, 159) -- (368, 46)
(43, 275) -- (585, 478)
(110, 899) -- (931, 511)
(976, 743) -- (356, 478)
(373, 511) -- (933, 523)
(565, 194) -- (616, 605)
(47, 349) -- (869, 274)
(263, 392) -- (15, 936)
(382, 243) -- (961, 621)
(904, 460) -- (574, 127)
(312, 552) -- (107, 604)
(450, 724) -- (496, 778)
(570, 970) -- (278, 194)
(203, 363) -- (873, 393)
(803, 322) -- (684, 81)
(368, 46) -- (788, 53)
(585, 478) -- (376, 887)
(4, 668) -- (205, 691)
(931, 511) -- (670, 405)
(356, 478) -- (645, 220)
(933, 523) -- (763, 932)
(616, 605) -- (211, 161)
(869, 274) -- (340, 784)
(15, 936) -- (343, 209)
(297, 842) -- (322, 500)
(961, 553) -- (826, 896)
(35, 851) -- (168, 484)
(574, 127) -- (709, 801)
(496, 778) -- (148, 310)
(980, 829) -- (62, 198)
(278, 194) -- (133, 316)
(873, 684) -- (580, 191)
(684, 81) -- (819, 559)
(286, 481) -- (669, 636)
(788, 53) -- (493, 60)
(376, 887) -- (290, 960)
(205, 369) -- (962, 649)
(260, 802) -- (209, 105)
(670, 405) -- (778, 477)
(645, 220) -- (876, 124)
(763, 932) -- (633, 946)
(141, 632) -- (61, 166)
(272, 971) -- (385, 972)
(340, 784) -- (572, 800)
(343, 209) -- (379, 398)
(408, 205) -- (275, 735)
(682, 891) -- (27, 53)
(322, 500) -- (810, 378)
(826, 896) -- (714, 951)
(127, 828) -- (515, 311)
(709, 801) -- (943, 268)
(148, 549) -- (436, 751)
(62, 198) -- (576, 189)
(133, 316) -- (49, 842)
(580, 623) -- (309, 777)
(819, 559) -- (298, 362)
(572, 562) -- (333, 974)
(148, 103) -- (760, 603)
(669, 636) -- (547, 974)
(493, 60) -- (939, 522)
(290, 960) -- (573, 219)
(962, 649) -- (714, 428)
(209, 105) -- (985, 19)
(389, 889) -- (967, 50)
(907, 972) -- (619, 399)
(778, 477) -- (926, 910)
(876, 124) -- (790, 450)
(633, 946) -- (330, 989)
(61, 166) -- (746, 831)
(385, 972) -- (936, 547)
(572, 800) -- (810, 111)
(379, 398) -- (639, 6)
(275, 735) -- (530, 398)
(811, 330) -- (664, 297)
(27, 53) -- (993, 640)
(810, 378) -- (555, 779)
(714, 951) -- (428, 846)
(515, 311) -- (914, 333)
(943, 268) -- (132, 580)
(204, 282) -- (360, 826)
(436, 174) -- (587, 597)
(576, 189) -- (204, 647)
(49, 842) -- (347, 935)
(309, 375) -- (946, 615)
(298, 362) -- (27, 707)
(333, 974) -- (734, 74)
(760, 603) -- (889, 356)
(547, 974) -- (875, 327)
(939, 522) -- (445, 826)
(573, 219) -- (325, 137)
(714, 428) -- (909, 277)
(985, 19) -- (155, 72)
(17, 24) -- (636, 58)
(967, 50) -- (963, 11)
(619, 399) -- (675, 170)
(926, 910) -- (195, 909)
(790, 450) -- (303, 732)
(652, 66) -- (709, 34)
(330, 386) -- (32, 411)
(746, 507) -- (765, 345)
(936, 547) -- (124, 69)
(698, 306) -- (68, 95)
(810, 111) -- (967, 451)
(639, 6) -- (719, 917)
(530, 398) -- (273, 971)
(664, 297) -- (583, 407)
(521, 918) -- (360, 475)
(993, 640) -- (750, 896)
(802, 307) -- (95, 159)
(428, 846) -- (749, 897)
(914, 333) -- (415, 582)
(360, 826) -- (568, 507)
(726, 716) -- (850, 931)
(204, 647) -- (654, 569)
(347, 78) -- (416, 33)
(708, 962) -- (384, 73)
(946, 615) -- (601, 75)
(27, 707) -- (441, 730)
(734, 74) -- (623, 492)
(889, 356) -- (915, 36)
(875, 327) -- (855, 275)
(887, 395) -- (546, 43)
(445, 826) -- (256, 937)
(325, 137) -- (720, 847)
(61, 520) -- (530, 714)
(909, 277) -- (442, 992)
(155, 72) -- (133, 954)
(636, 58) -- (807, 810)
(963, 11) -- (967, 241)
(675, 549) -- (536, 241)
(195, 909) -- (161, 306)
(682, 842) -- (823, 953)
(303, 732) -- (348, 179)
(709, 34) -- (858, 210)
(32, 411) -- (169, 826)
(765, 345) -- (44, 624)
(124, 69) -- (822, 411)
(68, 95) -- (135, 70)
(967, 749) -- (339, 843)
(719, 917) -- (89, 314)
(77, 946) -- (961, 883)
(273, 971) -- (204, 272)
(583, 407) -- (183, 122)
(398, 130) -- (489, 670)
(750, 896) -- (509, 262)
(95, 159) -- (798, 926)
(749, 897) -- (777, 184)
(415, 582) -- (609, 27)
(568, 507) -- (294, 498)
(850, 931) -- (46, 352)
(909, 10) -- (678, 93)
(654, 569) -- (778, 76)
(416, 33) -- (992, 739)
(384, 73) -- (233, 391)
(601, 75) -- (663, 558)
(186, 890) -- (679, 190)
(441, 730) -- (95, 93)
(781, 347) -- (347, 816)
(412, 933) -- (679, 759)
(623, 492) -- (985, 484)
(915, 36) -- (374, 224)
(855, 275) -- (356, 351)
(546, 43) -- (386, 988)
(720, 847) -- (403, 987)
(530, 714) -- (934, 259)
(442, 992) -- (534, 4)
(199, 836) -- (845, 463)
(133, 954) -- (396, 175)
(807, 810) -- (373, 499)
(967, 241) -- (908, 415)
(931, 561) -- (735, 220)
(536, 241) -- (420, 264)
(823, 497) -- (648, 648)
(948, 731) -- (484, 535)
(348, 179) -- (318, 590)
(858, 210) -- (72, 828)
(169, 479) -- (958, 295)
(822, 120) -- (248, 108)
(135, 70) -- (962, 333)
(339, 843) -- (228, 773)
(89, 314) -- (802, 950)
(961, 883) -- (903, 520)
(204, 272) -- (819, 48)
(399, 973) -- (175, 633)
(183, 122) -- (502, 869)
(509, 262) -- (625, 448)
(42, 399) -- (322, 255)
(530, 643) -- (393, 184)
(798, 926) -- (658, 584)
(777, 171) -- (510, 392)
(609, 27) -- (972, 965)
(294, 233) -- (199, 39)
(46, 352) -- (258, 651)
(678, 93) -- (243, 235)
(778, 76) -- (927, 670)
(992, 739) -- (925, 133)
(233, 391) -- (430, 770)
(622, 255) -- (691, 631)
(663, 547) -- (78, 556)
(679, 190) -- (119, 527)
(95, 93) -- (108, 678)
(347, 816) -- (178, 527)
(69, 7) -- (958, 626)
(679, 759) -- (51, 760)
(985, 484) -- (24, 628)
(374, 224) -- (494, 429)
(356, 351) -- (556, 60)
(386, 988) -- (448, 594)
(403, 987) -- (874, 680)
(934, 779) -- (296, 249)
(534, 4) -- (499, 678)
(845, 463) -- (960, 503)
(797, 149) -- (837, 497)
(373, 499) -- (865, 662)
(908, 215) -- (964, 213)
(735, 220) -- (740, 725)
(420, 264) -- (842, 760)
(648, 648) -- (681, 471)
(484, 535) -- (116, 694)
(827, 744) -- (334, 892)
(318, 590) -- (692, 495)
(72, 338) -- (109, 158)
(958, 295) -- (601, 487)
(248, 108) -- (18, 993)
(845, 24) -- (176, 256)
(962, 333) -- (613, 499)
(228, 773) -- (383, 802)
(65, 412) -- (556, 637)
(802, 950) -- (183, 304)
(903, 520) -- (896, 216)
(819, 46) -- (482, 857)
(175, 633) -- (354, 482)
(625, 448) -- (717, 506)
(640, 501) -- (9, 290)
(393, 184) -- (597, 993)
(855, 937) -- (463, 684)
(658, 584) -- (595, 825)
(510, 392) -- (799, 561)
(972, 965) -- (246, 930)
(199, 39) -- (920, 421)
(258, 651) -- (228, 619)
(629, 994) -- (500, 245)
(243, 235) -- (215, 331)
(927, 670) -- (740, 279)
(925, 133) -- (229, 645)
(430, 770) -- (319, 757)
(691, 631) -- (438, 563)
(78, 556) -- (176, 746)
(119, 527) -- (291, 179)
(108, 678) -- (909, 994)
(178, 527) -- (576, 319)
(958, 626) -- (434, 53)
(51, 760) -- (122, 207)
(24, 628) -- (198, 192)
(494, 429) -- (228, 554)
(556, 60) -- (707, 718)
(448, 594) -- (697, 798)
(133, 200) -- (751, 203)
(874, 680) -- (356, 326)
(296, 249) -- (782, 645)
(499, 678) -- (328, 999)
(960, 503) -- (523, 130)
(837, 497) -- (536, 374)
(865, 181) -- (240, 858)
(964, 213) -- (926, 728)
(740, 725) -- (782, 632)
(842, 760) -- (555, 334)
(595, 90) -- (497, 236)
(681, 471) -- (224, 527)
(116, 694) -- (414, 666)
(334, 892) -- (869, 346)
(692, 393) -- (407, 710)
(109, 158) -- (428, 443)
(601, 487) -- (514, 69)
(18, 993) -- (628, 758)
(176, 256) -- (269, 430)
(613, 499) -- (489, 967)
(383, 802) -- (171, 814)
(265, 451) -- (843, 116)
(556, 577) -- (26, 559)
(194, 935) -- (759, 848)
(183, 304) -- (358, 854)
(896, 216) -- (234, 96)
(482, 857) -- (232, 858)
(354, 482) -- (260, 353)
(717, 506) -- (770, 583)
(729, 432) -- (812, 383)
(817, 878) -- (10, 118)
(25, 684) -- (851, 301)
(9, 290) -- (53, 873)
(463, 497) -- (654, 539)
(595, 825) -- (802, 188)
(419, 41) -- (286, 24)
(682, 595) -- (281, 726)
(69, 125) -- (105, 845)
(799, 561) -- (820, 402)
(246, 930) -- (282, 739)
(38, 337) -- (37, 507)
(920, 421) -- (703, 450)
(228, 619) -- (568, 998)
(500, 245) -- (539, 814)
(215, 331) -- (484, 815)
(740, 257) -- (886, 43)
(86, 887) -- (798, 636)
(229, 645) -- (67, 428)
(319, 757) -- (510, 176)
(438, 563) -- (803, 856)
(176, 746) -- (161, 602)
(291, 179) -- (158, 587)
(720, 898) -- (478, 5)
(909, 994) -- (804, 17)
(502, 478) -- (286, 874)
(576, 319) -- (156, 58)
(434, 53) -- (268, 300)
(122, 740) -- (674, 761)
(198, 192) -- (131, 665)
(707, 718) -- (888, 595)
(697, 798) -- (289, 300)
(751, 203) -- (404, 186)
(356, 326) -- (664, 287)
(655, 327) -- (627, 661)
(782, 645) -- (961, 352)
(328, 999) -- (652, 317)
(523, 130) -- (351, 933)
(536, 374) -- (346, 151)
(626, 865) -- (912, 435)
(926, 728) -- (701, 360)
(971, 826) -- (312, 786)
(782, 632) -- (468, 322)
(555, 891) -- (38, 161)
(497, 236) -- (495, 220)
(224, 527) -- (340, 241)
(983, 17) -- (630, 76)
(414, 666) -- (146, 728)
(869, 9) -- (682, 975)
(407, 710) -- (703, 165)
(428, 443) -- (140, 504)
(514, 69) -- (741, 451)
(926, 807) -- (812, 268)
(628, 758) -- (279, 497)
(269, 430) -- (261, 969)
(489, 967) -- (361, 865)
(171, 814) -- (215, 665)
(104, 614) -- (93, 147)
(843, 643) -- (187, 610)
(519, 821) -- (727, 817)
(26, 559) -- (876, 423)
(759, 848) -- (772, 859)
(358, 256) -- (473, 246)
(234, 96) -- (673, 250)
(232, 858) -- (934, 227)
(260, 692) -- (16, 678)
(770, 421) -- (935, 102)
(781, 961) -- (810, 478)
(812, 383) -- (13, 154)
(188, 539) -- (359, 474)
(10, 118) -- (307, 632)
(851, 170) -- (262, 328)
(53, 873) -- (945, 418)
(654, 539) -- (66, 907)
(802, 188) -- (634, 936)
(286, 24) -- (667, 574)
(281, 726) -- (797, 682)
(105, 845) -- (828, 603)
(932, 93) -- (428, 794)
(820, 402) -- (595, 571)
(282, 739) -- (10, 255)
(37, 507) -- (786, 784)
(398, 244) -- (353, 33)
(568, 998) -- (767, 38)
(241, 361) -- (101, 378)
(539, 814) -- (81, 12)
(484, 815) -- (851, 679)
(886, 584) -- (341, 606)
(798, 636) -- (480, 740)
(468, 474) -- (359, 622)
(118, 538) -- (646, 738)
(67, 428) -- (901, 808)
(510, 176) -- (588, 670)
(803, 856) -- (904, 960)
(161, 602) -- (268, 4)
(158, 587) -- (283, 591)
(360, 238) -- (903, 123)
(478, 5) -- (131, 766)
(804, 17) -- (430, 59)
(286, 874) -- (880, 187)
(156, 58) -- (496, 275)
(268, 300) -- (843, 816)
(674, 761) -- (578, 292)
(47, 431) -- (585, 157)
(131, 665) -- (660, 711)
(888, 835) -- (392, 813)
(793, 894) -- (139, 554)
(289, 300) -- (534, 318)
(668, 408) -- (981, 450)
(404, 186) -- (287, 512)
(580, 609) -- (763, 19)
(664, 287) -- (875, 396)
(627, 661) -- (143, 615)
(961, 352) -- (565, 22)
(652, 317) -- (443, 374)
(351, 933) -- (396, 99)
(760, 394) -- (353, 806)
(346, 151) -- (844, 896)
(912, 435) -- (549, 134)
(701, 360) -- (306, 154)
(312, 786) -- (781, 501)
(468, 133) -- (256, 37)
(38, 161) -- (764, 192)
(495, 220) -- (204, 633)
(613, 935) -- (980, 29)
(340, 241) -- (85, 3)
(630, 76) -- (297, 384)
(146, 728) -- (790, 397)
(682, 975) -- (932, 137)
(703, 165) -- (283, 441)
(140, 504) -- (419, 42)
(44, 577) -- (95, 704)
(741, 451) -- (686, 803)
(812, 268) -- (657, 560)
(279, 497) -- (394, 381)
(261, 969) -- (22, 374)
(361, 865) -- (295, 509)
(215, 665) -- (844, 745)
(93, 869) -- (98, 104)
(187, 610) -- (883, 72)
(727, 817) -- (869, 340)
(876, 423) -- (568, 344)
(772, 859) -- (268, 329)
(473, 246) -- (190, 17)
(673, 250) -- (795, 718)
(674, 621) -- (748, 907)
(934, 227) -- (559, 132)
(16, 678) -- (514, 113)
(407, 518) -- (884, 26)
(935, 102) -- (874, 485)
(810, 478) -- (47, 395)
(13, 154) -- (826, 937)
(359, 474) -- (286, 200)
(463, 300) -- (615, 866)
(307, 632) -- (41, 606)
(262, 328) -- (135, 882)
(945, 418) -- (815, 919)
(844, 771) -- (713, 155)
(66, 907) -- (267, 443)
(634, 936) -- (468, 369)
(667, 574) -- (84, 136)
(797, 682) -- (865, 460)
(828, 603) -- (63, 689)
(428, 801) -- (424, 308)
(595, 571) -- (870, 366)
(10, 255) -- (629, 680)
(786, 784) -- (182, 814)
(353, 33) -- (592, 101)
(767, 38) -- (483, 209)
(101, 378) -- (124, 485)
(81, 12) -- (827, 797)
(851, 679) -- (750, 119)
(341, 606) -- (266, 461)
(480, 740) -- (537, 81)
(327, 864) -- (290, 311)
(359, 622) -- (886, 782)
(957, 284) -- (800, 965)
(646, 738) -- (124, 560)
(901, 808) -- (54, 352)
(751, 892) -- (485, 906)
(588, 670) -- (532, 777)
(904, 960) -- (899, 202)
(268, 822) -- (42, 658)
(283, 416) -- (672, 545)
(903, 643) -- (204, 539)
(131, 766) -- (316, 13)
(430, 59) -- (421, 927)
(880, 187) -- (662, 233)
(496, 275) -- (813, 444)
(843, 816) -- (135, 871)
(578, 292) -- (422, 628)
(585, 157) -- (707, 263)
(660, 711) -- (331, 55)
(392, 7) -- (41, 984)
(512, 78) -- (732, 731)
(139, 554) -- (96, 453)
(981, 987) -- (403, 541)
(287, 512) -- (958, 966)
(763, 19) -- (826, 845)
(875, 396) -- (276, 727)
(143, 615) -- (16, 709)
(565, 22) -- (169, 255)
(443, 374) -- (516, 193)
(396, 99) -- (809, 866)
(613, 198) -- (802, 497)
(681, 692) -- (353, 83)
(353, 806) -- (753, 747)
(416, 977) -- (990, 592)
(844, 896) -- (47, 486)
(929, 260) -- (52, 510)
(549, 134) -- (990, 87)
(781, 501) -- (619, 79)
(256, 37) -- (551, 424)
(764, 192) -- (566, 613)
(204, 633) -- (881, 853)
(980, 29) -- (443, 62)
(297, 384) -- (41, 909)
(445, 165) -- (110, 732)
(790, 74) -- (340, 118)
(932, 137) -- (548, 352)
(283, 441) -- (342, 987)
(419, 42) -- (155, 802)
(95, 704) -- (617, 775)
(686, 803) -- (761, 780)
(657, 560) -- (393, 810)
(394, 381) -- (783, 54)
(320, 912) -- (554, 807)
(22, 374) -- (239, 543)
(295, 509) -- (228, 409)
(844, 745) -- (801, 570)
(157, 945) -- (408, 165)
(98, 104) -- (929, 252)
(883, 360) -- (115, 155)
(869, 340) -- (64, 981)
(30, 429) -- (309, 961)
(444, 351) -- (332, 232)
(568, 344) -- (51, 30)
(268, 329) -- (79, 533)
(190, 17) -- (330, 801)
(795, 718) -- (326, 971)
(748, 907) -- (632, 480)
(812, 750) -- (987, 320)
(559, 132) -- (626, 139)
(64, 576) -- (71, 973)
(514, 113) -- (806, 627)
(884, 458) -- (500, 493)
(874, 485) -- (479, 27)
(645, 937) -- (842, 516)
(826, 39) -- (911, 520)
(286, 200) -- (20, 813)
(615, 866) -- (302, 928)
(41, 606) -- (126, 179)
(135, 4) -- (817, 663)
(815, 919) -- (999, 806)
(713, 155) -- (530, 132)
(267, 443) -- (499, 982)
(468, 369) -- (348, 550)
(84, 136) -- (362, 709)
(865, 460) -- (520, 895)
(63, 689) -- (328, 120)
(321, 194) -- (934, 306)
(424, 308) -- (402, 983)
